solid cone
   facet normal -1.994943e-001 5.012708e-001 8.419796e-001
      outer loop
         vertex 8.356344e+000 0.000000e+000 2.463410e+001
         vertex 1.049467e+001 0.000000e+000 2.520706e+001
         vertex 1.270000e+001 2.199705e+001 1.270000e+001
      endloop
   endfacet
   facet normal -3.426717e-001 5.012708e-001 7.945461e-001
      outer loop
         vertex 8.356344e+000 0.000000e+000 2.463410e+001
         vertex 1.270000e+001 2.199705e+001 1.270000e+001
         vertex 6.350000e+000 0.000000e+000 2.369852e+001
      endloop
   endfacet
   facet normal -4.754373e-001 5.012708e-001 7.229709e-001
      outer loop
         vertex 4.536597e+000 0.000000e+000 2.242876e+001
         vertex 6.350000e+000 0.000000e+000 2.369852e+001
         vertex 1.270000e+001 2.199705e+001 1.270000e+001
      endloop
   endfacet
   facet normal -5.937569e-001 5.012708e-001 6.294286e-001
      outer loop
         vertex 2.971236e+000 0.000000e+000 2.086340e+001
         vertex 4.536597e+000 0.000000e+000 2.242876e+001
         vertex 1.270000e+001 2.199705e+001 1.270000e+001
      endloop
   endfacet
   facet normal -6.940355e-001 5.012708e-001 5.167613e-001
      outer loop
         vertex 1.701477e+000 0.000000e+000 1.905000e+001
         vertex 2.971236e+000 0.000000e+000 2.086340e+001
         vertex 1.270000e+001 2.199705e+001 1.270000e+001
      endloop
   endfacet
   facet normal -7.732262e-001 5.012708e-001 3.883925e-001
      outer loop
         vertex 7.659038e-001 0.000000e+000 1.704366e+001
         vertex 1.701477e+000 0.000000e+000 1.905000e+001
         vertex 1.270000e+001 2.199705e+001 1.270000e+001
      endloop
   endfacet
   facet normal -8.289228e-001 5.012708e-001 2.482226e-001
      outer loop
         vertex 1.929412e-001 0.000000e+000 1.490533e+001
         vertex 7.659038e-001 0.000000e+000 1.704366e+001
         vertex 1.270000e+001 2.199705e+001 1.270000e+001
      endloop
   endfacet
   facet normal -8.594330e-001 5.012708e-001 1.005106e-001
      outer loop
         vertex 0.000000e+000 0.000000e+000 1.270000e+001
         vertex 1.929412e-001 0.000000e+000 1.490533e+001
         vertex 1.270000e+001 2.199705e+001 1.270000e+001
      endloop
   endfacet
   facet normal -8.638298e-001 5.012708e-001 -5.025532e-002
      outer loop
         vertex 1.929412e-001 0.000000e+000 1.049467e+001
         vertex 0.000000e+000 0.000000e+000 1.270000e+001
         vertex 1.270000e+001 2.199705e+001 1.270000e+001
      endloop
   endfacet
   facet normal -8.419796e-001 5.012708e-001 -1.994943e-001
      outer loop
         vertex 7.659038e-001 0.000000e+000 8.356344e+000
         vertex 1.929412e-001 0.000000e+000 1.049467e+001
         vertex 1.270000e+001 2.199705e+001 1.270000e+001
      endloop
   endfacet
   facet normal -7.945461e-001 5.012708e-001 -3.426717e-001
      outer loop
         vertex 1.701477e+000 0.000000e+000 6.350000e+000
         vertex 7.659038e-001 0.000000e+000 8.356344e+000
         vertex 1.270000e+001 2.199705e+001 1.270000e+001
      endloop
   endfacet
   facet normal -7.229709e-001 5.012708e-001 -4.754373e-001
      outer loop
         vertex 2.971236e+000 0.000000e+000 4.536597e+000
         vertex 1.701477e+000 0.000000e+000 6.350000e+000
         vertex 1.270000e+001 2.199705e+001 1.270000e+001
      endloop
   endfacet
   facet normal -6.294285e-001 5.012708e-001 -5.937569e-001
      outer loop
         vertex 4.536597e+000 0.000000e+000 2.971236e+000
         vertex 2.971236e+000 0.000000e+000 4.536597e+000
         vertex 1.270000e+001 2.199705e+001 1.270000e+001
      endloop
   endfacet
   facet normal -5.167613e-001 5.012708e-001 -6.940355e-001
      outer loop
         vertex 6.350000e+000 0.000000e+000 1.701477e+000
         vertex 4.536597e+000 0.000000e+000 2.971236e+000
         vertex 1.270000e+001 2.199705e+001 1.270000e+001
      endloop
   endfacet
   facet normal -3.883925e-001 5.012708e-001 -7.732262e-001
      outer loop
         vertex 8.356344e+000 0.000000e+000 7.659038e-001
         vertex 6.350000e+000 0.000000e+000 1.701477e+000
         vertex 1.270000e+001 2.199705e+001 1.270000e+001
      endloop
   endfacet
   facet normal -2.482226e-001 5.012708e-001 -8.289228e-001
      outer loop
         vertex 1.049467e+001 0.000000e+000 1.929412e-001
         vertex 8.356344e+000 0.000000e+000 7.659038e-001
         vertex 1.270000e+001 2.199705e+001 1.270000e+001
      endloop
   endfacet
   facet normal -1.005106e-001 5.012708e-001 -8.594331e-001
      outer loop
         vertex 1.270000e+001 0.000000e+000 0.000000e+000
         vertex 1.049467e+001 0.000000e+000 1.929412e-001
         vertex 1.270000e+001 2.199705e+001 1.270000e+001
      endloop
   endfacet
   facet normal 5.025532e-002 5.012708e-001 -8.638298e-001
      outer loop
         vertex 1.490533e+001 0.000000e+000 1.929412e-001
         vertex 1.270000e+001 0.000000e+000 0.000000e+000
         vertex 1.270000e+001 2.199705e+001 1.270000e+001
      endloop
   endfacet
   facet normal 1.994943e-001 5.012708e-001 -8.419796e-001
      outer loop
         vertex 1.704366e+001 0.000000e+000 7.659038e-001
         vertex 1.490533e+001 0.000000e+000 1.929412e-001
         vertex 1.270000e+001 2.199705e+001 1.270000e+001
      endloop
   endfacet
   facet normal 3.426717e-001 5.012708e-001 -7.945461e-001
      outer loop
         vertex 1.905000e+001 0.000000e+000 1.701477e+000
         vertex 1.704366e+001 0.000000e+000 7.659038e-001
         vertex 1.270000e+001 2.199705e+001 1.270000e+001
      endloop
   endfacet
   facet normal 4.754373e-001 5.012708e-001 -7.229709e-001
      outer loop
         vertex 2.086340e+001 0.000000e+000 2.971236e+000
         vertex 1.905000e+001 0.000000e+000 1.701477e+000
         vertex 1.270000e+001 2.199705e+001 1.270000e+001
      endloop
   endfacet
   facet normal 5.937569e-001 5.012708e-001 -6.294286e-001
      outer loop
         vertex 2.242876e+001 0.000000e+000 4.536597e+000
         vertex 2.086340e+001 0.000000e+000 2.971236e+000
         vertex 1.270000e+001 2.199705e+001 1.270000e+001
      endloop
   endfacet
   facet normal 6.940355e-001 5.012708e-001 -5.167613e-001
      outer loop
         vertex 2.369852e+001 0.000000e+000 6.350000e+000
         vertex 2.242876e+001 0.000000e+000 4.536597e+000
         vertex 1.270000e+001 2.199705e+001 1.270000e+001
      endloop
   endfacet
   facet normal 7.732262e-001 5.012708e-001 -3.883925e-001
      outer loop
         vertex 2.463410e+001 0.000000e+000 8.356344e+000
         vertex 2.369852e+001 0.000000e+000 6.350000e+000
         vertex 1.270000e+001 2.199705e+001 1.270000e+001
      endloop
   endfacet
   facet normal 8.289228e-001 5.012708e-001 -2.482226e-001
      outer loop
         vertex 2.520706e+001 0.000000e+000 1.049467e+001
         vertex 2.463410e+001 0.000000e+000 8.356344e+000
         vertex 1.270000e+001 2.199705e+001 1.270000e+001
      endloop
   endfacet
   facet normal 8.594330e-001 5.012708e-001 -1.005106e-001
      outer loop
         vertex 2.540000e+001 0.000000e+000 1.270000e+001
         vertex 2.520706e+001 0.000000e+000 1.049467e+001
         vertex 1.270000e+001 2.199705e+001 1.270000e+001
      endloop
   endfacet
   facet normal 8.638298e-001 5.012708e-001 5.025532e-002
      outer loop
         vertex 2.520706e+001 0.000000e+000 1.490533e+001
         vertex 2.540000e+001 0.000000e+000 1.270000e+001
         vertex 1.270000e+001 2.199705e+001 1.270000e+001
      endloop
   endfacet
   facet normal 8.419796e-001 5.012708e-001 1.994943e-001
      outer loop
         vertex 2.463410e+001 0.000000e+000 1.704366e+001
         vertex 2.520706e+001 0.000000e+000 1.490533e+001
         vertex 1.270000e+001 2.199705e+001 1.270000e+001
      endloop
   endfacet
   facet normal 7.945461e-001 5.012708e-001 3.426717e-001
      outer loop
         vertex 2.369852e+001 0.000000e+000 1.905000e+001
         vertex 2.463410e+001 0.000000e+000 1.704366e+001
         vertex 1.270000e+001 2.199705e+001 1.270000e+001
      endloop
   endfacet
   facet normal 7.229709e-001 5.012708e-001 4.754373e-001
      outer loop
         vertex 2.242876e+001 0.000000e+000 2.086340e+001
         vertex 2.369852e+001 0.000000e+000 1.905000e+001
         vertex 1.270000e+001 2.199705e+001 1.270000e+001
      endloop
   endfacet
   facet normal 6.294285e-001 5.012708e-001 5.937569e-001
      outer loop
         vertex 2.086340e+001 0.000000e+000 2.242876e+001
         vertex 2.242876e+001 0.000000e+000 2.086340e+001
         vertex 1.270000e+001 2.199705e+001 1.270000e+001
      endloop
   endfacet
   facet normal 5.167613e-001 5.012708e-001 6.940355e-001
      outer loop
         vertex 1.905000e+001 0.000000e+000 2.369852e+001
         vertex 2.086340e+001 0.000000e+000 2.242876e+001
         vertex 1.270000e+001 2.199705e+001 1.270000e+001
      endloop
   endfacet
   facet normal 3.883925e-001 5.012708e-001 7.732262e-001
      outer loop
         vertex 1.704366e+001 0.000000e+000 2.463410e+001
         vertex 1.905000e+001 0.000000e+000 2.369852e+001
         vertex 1.270000e+001 2.199705e+001 1.270000e+001
      endloop
   endfacet
   facet normal 2.482226e-001 5.012708e-001 8.289228e-001
      outer loop
         vertex 1.490533e+001 0.000000e+000 2.520706e+001
         vertex 1.704366e+001 0.000000e+000 2.463410e+001
         vertex 1.270000e+001 2.199705e+001 1.270000e+001
      endloop
   endfacet
   facet normal 1.005106e-001 5.012708e-001 8.594331e-001
      outer loop
         vertex 1.270000e+001 0.000000e+000 2.540000e+001
         vertex 1.490533e+001 0.000000e+000 2.520706e+001
         vertex 1.270000e+001 2.199705e+001 1.270000e+001
      endloop
   endfacet
   facet normal -5.025532e-002 5.012708e-001 8.638298e-001
      outer loop
         vertex 1.049467e+001 0.000000e+000 2.520706e+001
         vertex 1.270000e+001 0.000000e+000 2.540000e+001
         vertex 1.270000e+001 2.199705e+001 1.270000e+001
      endloop
   endfacet
   facet normal 0.000000e+000 -1.000000e+000 0.000000e+000
      outer loop
         vertex 8.356344e+000 0.000000e+000 7.659038e-001
         vertex 2.086340e+001 0.000000e+000 2.242876e+001
         vertex 6.350000e+000 0.000000e+000 1.701477e+000
      endloop
   endfacet
   facet normal 0.000000e+000 -1.000000e+000 0.000000e+000
      outer loop
         vertex 6.350000e+000 0.000000e+000 1.701477e+000
         vertex 2.086340e+001 0.000000e+000 2.242876e+001
         vertex 4.536597e+000 0.000000e+000 2.971236e+000
      endloop
   endfacet
   facet normal 0.000000e+000 -1.000000e+000 0.000000e+000
      outer loop
         vertex 1.701477e+000 0.000000e+000 6.350000e+000
         vertex 4.536597e+000 0.000000e+000 2.242876e+001
         vertex 2.971236e+000 0.000000e+000 2.086340e+001
      endloop
   endfacet
   facet normal 0.000000e+000 -1.000000e+000 0.000000e+000
      outer loop
         vertex 8.356344e+000 0.000000e+000 7.659038e-001
         vertex 1.049467e+001 0.000000e+000 1.929412e-001
         vertex 2.086340e+001 0.000000e+000 2.242876e+001
      endloop
   endfacet
   facet normal 0.000000e+000 -1.000000e+000 0.000000e+000
      outer loop
         vertex 2.086340e+001 0.000000e+000 2.242876e+001
         vertex 1.049467e+001 0.000000e+000 1.929412e-001
         vertex 1.270000e+001 0.000000e+000 0.000000e+000
      endloop
   endfacet
   facet normal 0.000000e+000 -1.000000e+000 0.000000e+000
      outer loop
         vertex 2.086340e+001 0.000000e+000 2.242876e+001
         vertex 1.270000e+001 0.000000e+000 0.000000e+000
         vertex 1.490533e+001 0.000000e+000 1.929412e-001
      endloop
   endfacet
   facet normal 0.000000e+000 -1.000000e+000 0.000000e+000
      outer loop
         vertex 2.086340e+001 0.000000e+000 2.242876e+001
         vertex 1.905000e+001 0.000000e+000 2.369852e+001
         vertex 4.536597e+000 0.000000e+000 2.971236e+000
      endloop
   endfacet
   facet normal 0.000000e+000 -1.000000e+000 0.000000e+000
      outer loop
         vertex 4.536597e+000 0.000000e+000 2.971236e+000
         vertex 1.905000e+001 0.000000e+000 2.369852e+001
         vertex 1.704366e+001 0.000000e+000 2.463410e+001
      endloop
   endfacet
   facet normal 0.000000e+000 -1.000000e+000 0.000000e+000
      outer loop
         vertex 4.536597e+000 0.000000e+000 2.971236e+000
         vertex 1.704366e+001 0.000000e+000 2.463410e+001
         vertex 1.490533e+001 0.000000e+000 2.520706e+001
      endloop
   endfacet
   facet normal 0.000000e+000 -1.000000e+000 0.000000e+000
      outer loop
         vertex 1.701477e+000 0.000000e+000 6.350000e+000
         vertex 2.971236e+000 0.000000e+000 4.536597e+000
         vertex 4.536597e+000 0.000000e+000 2.242876e+001
      endloop
   endfacet
   facet normal 0.000000e+000 -1.000000e+000 0.000000e+000
      outer loop
         vertex 4.536597e+000 0.000000e+000 2.242876e+001
         vertex 2.971236e+000 0.000000e+000 4.536597e+000
         vertex 4.536597e+000 0.000000e+000 2.971236e+000
      endloop
   endfacet
   facet normal 0.000000e+000 -1.000000e+000 0.000000e+000
      outer loop
         vertex 4.536597e+000 0.000000e+000 2.242876e+001
         vertex 4.536597e+000 0.000000e+000 2.971236e+000
         vertex 6.350000e+000 0.000000e+000 2.369852e+001
      endloop
   endfacet
   facet normal 0.000000e+000 -1.000000e+000 0.000000e+000
      outer loop
         vertex 6.350000e+000 0.000000e+000 2.369852e+001
         vertex 4.536597e+000 0.000000e+000 2.971236e+000
         vertex 8.356344e+000 0.000000e+000 2.463410e+001
      endloop
   endfacet
   facet normal 0.000000e+000 -1.000000e+000 0.000000e+000
      outer loop
         vertex 1.929412e-001 0.000000e+000 1.049467e+001
         vertex 7.659038e-001 0.000000e+000 1.704366e+001
         vertex 0.000000e+000 0.000000e+000 1.270000e+001
      endloop
   endfacet
   facet normal 0.000000e+000 -1.000000e+000 0.000000e+000
      outer loop
         vertex 0.000000e+000 0.000000e+000 1.270000e+001
         vertex 7.659038e-001 0.000000e+000 1.704366e+001
         vertex 1.929412e-001 0.000000e+000 1.490533e+001
      endloop
   endfacet
   facet normal 0.000000e+000 -1.000000e+000 0.000000e+000
      outer loop
         vertex 2.971236e+000 0.000000e+000 2.086340e+001
         vertex 1.701477e+000 0.000000e+000 1.905000e+001
         vertex 1.701477e+000 0.000000e+000 6.350000e+000
      endloop
   endfacet
   facet normal 0.000000e+000 -1.000000e+000 0.000000e+000
      outer loop
         vertex 1.701477e+000 0.000000e+000 6.350000e+000
         vertex 1.701477e+000 0.000000e+000 1.905000e+001
         vertex 7.659038e-001 0.000000e+000 1.704366e+001
      endloop
   endfacet
   facet normal 0.000000e+000 -1.000000e+000 0.000000e+000
      outer loop
         vertex 1.701477e+000 0.000000e+000 6.350000e+000
         vertex 7.659038e-001 0.000000e+000 1.704366e+001
         vertex 7.659038e-001 0.000000e+000 8.356344e+000
      endloop
   endfacet
   facet normal 0.000000e+000 -1.000000e+000 0.000000e+000
      outer loop
         vertex 7.659038e-001 0.000000e+000 8.356344e+000
         vertex 7.659038e-001 0.000000e+000 1.704366e+001
         vertex 1.929412e-001 0.000000e+000 1.049467e+001
      endloop
   endfacet
   facet normal 0.000000e+000 -1.000000e+000 0.000000e+000
      outer loop
         vertex 1.490533e+001 0.000000e+000 1.929412e-001
         vertex 1.704366e+001 0.000000e+000 7.659038e-001
         vertex 2.086340e+001 0.000000e+000 2.242876e+001
      endloop
   endfacet
   facet normal 0.000000e+000 -1.000000e+000 0.000000e+000
      outer loop
         vertex 2.086340e+001 0.000000e+000 2.242876e+001
         vertex 1.704366e+001 0.000000e+000 7.659038e-001
         vertex 1.905000e+001 0.000000e+000 1.701477e+000
      endloop
   endfacet
   facet normal 0.000000e+000 -1.000000e+000 0.000000e+000
      outer loop
         vertex 2.086340e+001 0.000000e+000 2.242876e+001
         vertex 1.905000e+001 0.000000e+000 1.701477e+000
         vertex 2.086340e+001 0.000000e+000 2.971236e+000
      endloop
   endfacet
   facet normal 0.000000e+000 -1.000000e+000 0.000000e+000
      outer loop
         vertex 1.490533e+001 0.000000e+000 2.520706e+001
         vertex 1.270000e+001 0.000000e+000 2.540000e+001
         vertex 4.536597e+000 0.000000e+000 2.971236e+000
      endloop
   endfacet
   facet normal 0.000000e+000 -1.000000e+000 0.000000e+000
      outer loop
         vertex 4.536597e+000 0.000000e+000 2.971236e+000
         vertex 1.270000e+001 0.000000e+000 2.540000e+001
         vertex 1.049467e+001 0.000000e+000 2.520706e+001
      endloop
   endfacet
   facet normal 0.000000e+000 -1.000000e+000 0.000000e+000
      outer loop
         vertex 4.536597e+000 0.000000e+000 2.971236e+000
         vertex 1.049467e+001 0.000000e+000 2.520706e+001
         vertex 8.356344e+000 0.000000e+000 2.463410e+001
      endloop
   endfacet
   facet normal 0.000000e+000 -1.000000e+000 0.000000e+000
      outer loop
         vertex 2.086340e+001 0.000000e+000 2.971236e+000
         vertex 2.242876e+001 0.000000e+000 4.536597e+000
         vertex 2.086340e+001 0.000000e+000 2.242876e+001
      endloop
   endfacet
   facet normal 0.000000e+000 -1.000000e+000 0.000000e+000
      outer loop
         vertex 2.086340e+001 0.000000e+000 2.242876e+001
         vertex 2.242876e+001 0.000000e+000 4.536597e+000
         vertex 2.369852e+001 0.000000e+000 6.350000e+000
      endloop
   endfacet
   facet normal 0.000000e+000 -1.000000e+000 0.000000e+000
      outer loop
         vertex 2.086340e+001 0.000000e+000 2.242876e+001
         vertex 2.369852e+001 0.000000e+000 6.350000e+000
         vertex 2.463410e+001 0.000000e+000 8.356344e+000
      endloop
   endfacet
   facet normal 0.000000e+000 -1.000000e+000 0.000000e+000
      outer loop
         vertex 2.463410e+001 0.000000e+000 1.704366e+001
         vertex 2.369852e+001 0.000000e+000 1.905000e+001
         vertex 2.520706e+001 0.000000e+000 1.490533e+001
      endloop
   endfacet
   facet normal 0.000000e+000 -1.000000e+000 0.000000e+000
      outer loop
         vertex 2.520706e+001 0.000000e+000 1.490533e+001
         vertex 2.369852e+001 0.000000e+000 1.905000e+001
         vertex 2.540000e+001 0.000000e+000 1.270000e+001
      endloop
   endfacet
   facet normal 0.000000e+000 -1.000000e+000 0.000000e+000
      outer loop
         vertex 2.463410e+001 0.000000e+000 8.356344e+000
         vertex 2.520706e+001 0.000000e+000 1.049467e+001
         vertex 2.086340e+001 0.000000e+000 2.242876e+001
      endloop
   endfacet
   facet normal 0.000000e+000 -1.000000e+000 0.000000e+000
      outer loop
         vertex 2.086340e+001 0.000000e+000 2.242876e+001
         vertex 2.520706e+001 0.000000e+000 1.049467e+001
         vertex 2.540000e+001 0.000000e+000 1.270000e+001
      endloop
   endfacet
   facet normal 0.000000e+000 -1.000000e+000 0.000000e+000
      outer loop
         vertex 2.086340e+001 0.000000e+000 2.242876e+001
         vertex 2.540000e+001 0.000000e+000 1.270000e+001
         vertex 2.242876e+001 0.000000e+000 2.086340e+001
      endloop
   endfacet
   facet normal 0.000000e+000 -1.000000e+000 0.000000e+000
      outer loop
         vertex 2.242876e+001 0.000000e+000 2.086340e+001
         vertex 2.540000e+001 0.000000e+000 1.270000e+001
         vertex 2.369852e+001 0.000000e+000 1.905000e+001
      endloop
   endfacet
endsolid
